1 0 400
1 80 400
1 160 400
1 240 400
1 320 400
1 400 400
1 480 400
1 560 400
1 640 400
1 720 400
1 800 400
1 880 400
1 960 400
1 1040 400

6 320 320
7 400 320
6 480 320
7 560 320
6 640 320
7 720 320
6 560 240
7 640 240
6 720 240
5 800 240

3 1500 360
4 1750 140
4 1830 140
3 1930 360
4 2180 140
4 2260 140

4 2500 100
4 2580 100
4 2660 100
4 2740 100
4 2820 100
4 2900 100
4 2980 100
4 3140 100
4 3220 100
4 3300 100
4 3380 100
1 2340 400
1 2420 400
1 2820 400
1 3220 400
1 3620 400
5 3900 250

6 4560 -10
6 4560 70
6 4560 150
7 4640 150
6 4720 150
7 4800 150
7 5040 80
7 5040 160
7 5040 240
7 5040 320
1 5040 400
1 4560 400
1 4640 400
1 4720 400
1 4800 400
5 5120 80
5 5280 240
6 5680 -240
6 5680 -160
6 5680 -80
6 5680 0
6 5680 80
6 5680 160
4 5680 240
1 5120 400
1 5200 400
1 5280 400
1 5360 400
1 5440 400
1 5520 400
1 5600 400
1 5680 400
1 5760 400
1 5840 400
1 5920 400

3 6020 150
3 6170 100
3 6170 200
3 6170 300
3 6320 150
3 6320 250
3 6320 350
3 6470 100
3 6470 200
3 6470 300
6 6620 -250
6 6620 -170
6 6620 -90
6 6620 -10
6 6620 70
6 6620 150
1 6470 400
1 6550 400
1 6630 400
1 6710 400