480 240 320 480 0
800 80 560 960 2
1760 -20 1750 1830 2
2270 -20 2260 2340 2

2600 -50 2580 2930 3
3100 -50 3020 3180 3
3180 -50 3140 3300 3
3400 -50 3380 3530 3
4000 80 3900 4220 2

4700 0 4640 4800 1
5200 -50 5120 5400 2
5400 81  5280 5580 1
5400 241 5150 5600 3
5950 -50 5920 5990 2
6400 -50 6300 6370 2
6700 -50 6680 6750 2
6100 160 6000 6070 3
6400 160 6300 6370 3
6700 160 6600 6670 0

8530 240 8480 8710 1
8900 100 8800 8960 0
9330 0 9280 9440 2

10600 -20 10480 10800 0
11640 -20 11440 11760 0
12000 -20 11920 12060 0
13120 -20 13040 13200 0
16300 -20 16240 16560 0
17920 300 17760 18000 0
18480 300 18400 18560 0